epoch training validation
-1 4.6217 4.6355
0 4.6219 4.6361
1 4.6218 4.6365
2 1.4645 0.7399
3 0.6193 0.5307
4 0.4610 0.4065
5 0.3559 0.3202
6 0.2995 0.2829
7 0.2734 0.2694
8 0.2589 0.2552
9 0.2481 0.2432
10 0.2392 0.2350
11 0.2323 0.2302
12 0.2264 0.2240
13 0.2211 0.2189
14 0.2164 0.2143
15 0.2119 0.2096
16 0.2068 0.2046
17 0.2019 0.2007
18 0.1974 0.1961
19 0.1936 0.1934
20 0.1902 0.1907
21 0.1870 0.1869
22 0.1842 0.1842
23 0.1817 0.1803
24 0.1793 0.1802
25 0.1771 0.1763
26 0.1750 0.1749
27 0.1728 0.1728
28 0.1704 0.1707
29 0.1683 0.1674
30 0.1664 0.1665
31 0.1647 0.1648
32 0.1632 0.1627
33 0.1619 0.1623
34 0.1604 0.1598
35 0.1593 0.1593
36 0.1581 0.1586
37 0.1570 0.1570
38 0.1560 0.1571
39 0.1550 0.1558
40 0.1541 0.1568
41 0.1532 0.1536
42 0.1523 0.1523
43 0.1515 0.1516
44 0.1506 0.1514
45 0.1497 0.1500
46 0.1492 0.1496
47 0.1485 0.1491
48 0.1475 0.1476
49 0.1470 0.1468
50 0.1465 0.1469
51 0.1457 0.1460
52 0.1450 0.1463
53 0.1446 0.1450
54 0.1440 0.1440
55 0.1434 0.1437
56 0.1429 0.1430
57 0.1423 0.1425
58 0.1419 0.1422
59 0.1415 0.1414
60 0.1408 0.1417
61 0.1403 0.1403
62 0.1400 0.1399
63 0.1395 0.1397
64 0.1390 0.1403
65 0.1384 0.1387
66 0.1380 0.1388
67 0.1376 0.1382
68 0.1372 0.1375
69 0.1368 0.1369
70 0.1365 0.1366
71 0.1361 0.1365
72 0.1355 0.1362
73 0.1352 0.1362
74 0.1348 0.1355
75 0.1344 0.1353
76 0.1340 0.1350
77 0.1337 0.1344
78 0.1333 0.1340
79 0.1328 0.1343
80 0.1325 0.1330
81 0.1322 0.1325
82 0.1319 0.1324
83 0.1314 0.1318
84 0.1311 0.1317
85 0.1308 0.1315
86 0.1304 0.1310
87 0.1301 0.1307
88 0.1299 0.1302
89 0.1294 0.1309
90 0.1292 0.1302
91 0.1289 0.1294
92 0.1285 0.1293
93 0.1283 0.1290
94 0.1280 0.1283
95 0.1277 0.1284
96 0.1274 0.1276
97 0.1271 0.1283
98 0.1269 0.1273
99 0.1267 0.1288
100 0.1264 0.1268
101 0.1262 0.1273
102 0.1258 0.1267
103 0.1256 0.1264
104 0.1254 0.1258
105 0.1250 0.1251
106 0.1249 0.1258
107 0.1247 0.1253
108 0.1244 0.1244
109 0.1241 0.1245
110 0.1240 0.1250
111 0.1238 0.1242
112 0.1235 0.1244
113 0.1234 0.1236
114 0.1232 0.1233
115 0.1229 0.1237
116 0.1226 0.1231
117 0.1225 0.1229
118 0.1222 0.1236
119 0.1221 0.1227
120 0.1219 0.1225
121 0.1216 0.1215
122 0.1215 0.1217
123 0.1212 0.1218
124 0.1210 0.1221
125 0.1209 0.1221
126 0.1207 0.1214
127 0.1205 0.1208
128 0.1203 0.1210
129 0.1202 0.1206
130 0.1199 0.1202
131 0.1197 0.1204
132 0.1196 0.1196
133 0.1195 0.1199
134 0.1192 0.1202
135 0.1192 0.1197
136 0.1189 0.1195
137 0.1188 0.1194
138 0.1184 0.1193
139 0.1184 0.1191
140 0.1182 0.1185
141 0.1181 0.1187
142 0.1179 0.1189
143 0.1177 0.1184
144 0.1176 0.1179
145 0.1174 0.1187
146 0.1173 0.1178
147 0.1170 0.1174
148 0.1170 0.1178
149 0.1167 0.1175
150 0.1167 0.1171
151 0.1165 0.1171
152 0.1164 0.1171
153 0.1162 0.1166
154 0.1162 0.1168
155 0.1160 0.1166
156 0.1158 0.1165
157 0.1157 0.1169
158 0.1155 0.1158
159 0.1154 0.1157
160 0.1153 0.1157
161 0.1152 0.1154
162 0.1150 0.1157
163 0.1149 0.1157
164 0.1148 0.1156
165 0.1147 0.1148
166 0.1145 0.1155
167 0.1145 0.1149
168 0.1143 0.1147
169 0.1143 0.1148
170 0.1141 0.1151
171 0.1139 0.1145
172 0.1138 0.1142
173 0.1137 0.1144
174 0.1137 0.1140
175 0.1136 0.1139
176 0.1135 0.1132
177 0.1133 0.1138
178 0.1131 0.1137
179 0.1130 0.1137
180 0.1130 0.1135
181 0.1130 0.1135
182 0.1127 0.1133
183 0.1126 0.1127
184 0.1126 0.1130
185 0.1125 0.1138
186 0.1123 0.1134
187 0.1122 0.1127
188 0.1121 0.1125
189 0.1121 0.1127
190 0.1119 0.1126
191 0.1119 0.1127
192 0.1117 0.1124
193 0.1115 0.1122
194 0.1116 0.1117
195 0.1115 0.1117
196 0.1113 0.1121
197 0.1113 0.1119
198 0.1113 0.1114
199 0.1111 0.1122
200 0.1110 0.1114
