epoch training validation
0 [0.7685,1.8611] [0.8725,1.9798]
1 [0.6873,1.9041] [0.7693,1.9850]
2 [0.6544,2.0876] [0.7387,2.0358]
3 [0.6533,2.6736] [0.7220,2.3315]
4 [0.6491,5.2494] [0.7195,7.2168]
5 [0.6458,12.1971] [0.7085,27.8472]
6 [0.6540,26.8743] [0.5956,66.2510]
7 [0.6595,56.3904] [0.5846,118.7456]
8 [0.6687,94.9193] [0.6197,174.4668]
9 [0.6978,132.4999] [0.5950,224.4956]
10 [0.7095,165.1731] [0.6286,266.7162]
11 [0.7305,191.6128] [0.5889,297.8669]
12 [0.7743,209.9254] [0.6120,316.0095]
13 [0.7841,219.4360] [0.7664,321.6989]
14 [0.7848,220.7211] [0.6347,316.1249]
15 [0.8003,214.7641] [0.7812,301.3215]
16 [0.8700,202.8961] [1.2482,278.5964]
17 [0.8955,185.7284] [0.7329,249.8172]
18 [0.8671,165.1658] [0.8631,217.2451]
19 [0.9004,142.3002] [0.7695,182.6088]
20 [0.8631,119.3939] [0.6156,159.0986]
21 [0.9302,114.3304] [1.0877,176.7327]
22 [0.9106,132.4642] [0.7878,206.7666]
23 [0.9204,151.3912] [1.0785,232.8990]
24 [0.9121,167.7375] [1.2596,254.9235]
25 [0.9801,181.1015] [0.7076,272.2346]
26 [0.9673,191.6072] [0.7011,286.0196]
27 [0.9296,199.9530] [0.6774,296.8319]
28 [1.0059,206.4544] [0.7557,304.2445]
29 [1.0300,210.5060] [0.5784,308.6127]
30 [0.9498,212.6242] [0.5902,310.5144]
31 [1.0046,213.3287] [0.6764,310.6187]
32 [0.9959,212.7678] [0.8818,308.6038]
33 [0.9814,210.8494] [0.8513,305.0099]
34 [0.9840,208.1460] [0.5878,300.3578]
35 [1.0022,204.5812] [0.6600,294.0028]
36 [0.9743,199.7731] [0.5632,286.6122]
37 [0.9674,194.5777] [0.9269,278.1915]
38 [0.9364,188.4674] [0.5619,269.1574]
39 [1.0010,182.1729] [0.5631,259.2487]
40 [0.9608,174.9527] [0.5870,248.3356]
41 [0.9752,167.2488] [0.5656,236.9011]
42 [0.8995,159.2602] [0.5588,225.1309]
43 [0.9355,151.0717] [0.6953,213.3060]
44 [0.8995,142.8455] [0.5920,201.4722]
45 [0.9065,134.6746] [0.5914,189.9441]
46 [0.8844,126.9876] [0.5531,178.7668]
47 [0.9003,119.3035] [0.5685,167.6497]
48 [0.8283,111.8488] [0.8256,157.0564]
49 [0.8689,104.5388] [0.7477,147.0865]
50 [0.8888,97.6436] [0.5518,137.8434]
51 [0.8173,91.2460] [0.6221,129.5719]
52 [0.8324,85.6491] [0.5930,122.8204]
53 [0.7877,81.1165] [0.5577,117.3373]
54 [0.7263,77.3044] [0.5659,113.1130]
55 [0.7160,74.4283] [0.5547,109.7347]
56 [0.6717,72.2357] [0.5931,106.9085]
57 [0.6841,70.4631] [0.6264,104.5441]
58 [0.6596,69.1522] [0.6677,102.4451]
59 [0.6547,67.9630] [0.7252,100.6948]
60 [0.6368,67.0688] [0.6511,99.3224]
61 [0.6074,66.3078] [0.7795,98.3953]
62 [0.6192,65.8954] [0.8456,97.8534]
63 [0.6020,65.5788] [0.9020,97.5420]
64 [0.6002,65.3556] [0.7442,97.3757]
65 [0.5768,65.3063] [0.8211,97.4414]
66 [0.5991,65.2537] [0.8088,97.5394]
67 [0.5783,65.2323] [0.9279,97.5946]
68 [0.5755,65.1286] [0.8280,97.5223]
69 [0.5660,64.9621] [0.9259,97.2902]
70 [0.5707,64.6345] [0.9121,96.7737]
71 [0.5582,64.0475] [0.8911,95.8812]
72 [0.5548,63.2153] [1.1017,94.4886]
73 [0.5556,62.0064] [0.8636,92.4521]
74 [0.5441,60.3741] [0.9153,89.7738]
75 [0.5403,58.2945] [0.8213,86.3607]
76 [0.5433,55.7330] [0.8986,82.1892]
77 [0.5337,52.6259] [0.8793,77.2971]
78 [0.5427,49.0548] [0.7037,71.6998]
79 [0.5225,45.0806] [0.8357,65.5998]
80 [0.5226,41.9778] [0.6987,65.3561]
81 [0.5237,44.1424] [0.5255,73.0291]
82 [0.5016,48.4347] [0.5228,83.0899]
83 [0.5116,54.3080] [0.4910,94.5539]
84 [0.5043,60.8873] [0.4906,105.0070]
85 [0.4828,66.8883] [0.4886,112.7849]
86 [0.4931,71.3266] [0.4924,117.3268]
87 [0.4982,73.5009] [0.5243,117.7699]
88 [0.4952,73.1754] [0.5052,114.7020]
89 [0.4923,70.8157] [0.5435,108.6172]
90 [0.4978,66.6847] [0.5318,100.0972]
91 [0.5056,61.1474] [0.5122,89.7159]
92 [0.4891,54.8331] [0.5351,78.6005]
93 [0.4835,48.3545] [0.6134,67.5805]
94 [0.4949,42.0514] [0.6336,57.2289]
95 [0.4852,35.7448] [0.5467,47.0989]
96 [0.4932,28.8465] [0.5488,36.3952]
97 [0.5344,49.0566] [0.7913,135.6358]
98 [0.5460,92.1283] [0.5730,198.8827]
99 [0.5174,129.7838] [0.7627,261.2008]
100 [0.5411,168.0121] [0.7754,318.6895]
101 [0.5385,204.2732] [0.6650,368.8775]
102 [0.6031,236.6997] [1.0732,408.8628]
103 [0.5897,261.3095] [0.6014,433.3105]
104 [0.7302,276.6497] [0.5340,442.4524]
105 [0.6846,281.9989] [0.6755,438.6174]
106 [0.6801,279.7225] [0.8071,424.5012]
107 [0.7114,270.8380] [0.8722,401.8456]
108 [0.7152,256.7194] [0.8660,373.1842]
109 [0.7722,238.9751] [0.9974,340.4255]
110 [0.6339,218.2934] [0.7971,304.9380]
111 [0.7563,196.6154] [0.6124,269.5172]
112 [0.6852,175.2324] [0.6255,235.3946]
113 [0.6891,154.6633] [0.5782,203.5848]
114 [0.7443,135.5681] [0.5890,174.6636]
115 [0.6337,118.4973] [0.5952,149.1936]
116 [0.7338,103.3131] [0.6045,126.8284]
117 [0.6142,90.3311] [0.5753,108.3084]
118 [0.6367,80.3096] [0.6381,93.8386]
119 [0.6054,72.5669] [0.5992,83.3924]
120 [0.5417,67.5494] [0.6527,76.6589]
121 [0.5393,64.6008] [0.6904,73.2799]
122 [0.5218,63.3352] [1.0812,72.2110]
123 [0.4756,62.9569] [0.7075,72.1203]
124 [0.5280,62.6985] [0.8960,72.4662]
125 [0.4907,62.2473] [0.7917,72.4029]
126 [0.4595,61.5498] [0.6390,72.0271]
127 [0.4778,60.6374] [0.7078,71.3573]
128 [0.4826,59.3699] [0.7650,70.0359]
129 [0.4940,57.6265] [0.8280,68.0607]
130 [0.4812,55.4063] [0.8269,65.8243]
131 [0.4540,53.1031] [0.6230,63.1204]
132 [0.4934,50.6804] [0.7433,61.6764]
133 [0.4706,48.2293] [0.7751,67.3625]
134 [0.4530,46.2048] [0.5936,66.2853]
135 [0.4730,44.1917] [0.6015,64.5175]
136 [0.4937,41.8956] [0.5941,62.2548]
137 [0.4829,39.1485] [0.6143,59.3243]
138 [0.5042,36.0302] [0.6023,55.5459]
139 [0.4848,32.7066] [0.6034,51.0091]
140 [0.4359,29.4256] [0.6179,46.3565]
141 [0.4303,26.2353] [0.6170,42.6255]
142 [0.4187,24.6954] [0.6942,46.9418]
143 [0.4533,30.0148] [0.7142,59.4813]
144 [0.4896,37.5348] [0.6774,70.1167]
145 [0.4067,43.8604] [0.6373,79.6908]
146 [0.4376,49.9201] [0.6558,88.4685]
147 [0.4174,55.4056] [0.6534,96.9980]
148 [0.4164,60.6961] [0.7673,105.4265]
149 [0.4691,65.8975] [0.6335,113.6214]
150 [0.4272,70.9083] [0.6819,121.7313]
151 [0.4176,75.7588] [0.7041,129.7014]
152 [0.3917,80.5517] [0.9275,137.7565]
153 [0.4511,85.1096] [0.7038,145.0363]
154 [0.4435,89.2049] [0.7563,151.5704]
155 [0.3961,92.6665] [0.6734,157.5144]
156 [0.4303,96.1814] [1.2084,162.9145]
157 [0.4109,98.8269] [0.9099,167.5553]
158 [0.3919,101.2306] [0.8396,172.1012]
159 [0.4431,103.8109] [0.7702,176.3690]
160 [0.4136,105.8801] [0.7074,180.5869]
161 [0.3809,108.0960] [1.0950,185.1160]
162 [0.4293,110.4153] [0.8604,189.7613]
163 [0.3960,112.8611] [0.8247,195.1222]
164 [0.3612,115.7647] [0.7201,201.5665]
165 [0.3798,119.3217] [0.9296,209.5734]
166 [0.4410,123.6587] [0.7537,217.5997]
167 [0.3848,127.9678] [0.7960,226.2490]
168 [0.3837,132.7493] [0.8211,235.0540]
169 [0.4212,137.5605] [0.7618,243.0391]
170 [0.4111,142.2778] [0.7611,250.2021]
171 [0.3904,146.5026] [0.7976,256.2689]
172 [0.3954,150.3322] [0.8377,261.0029]
173 [0.3994,153.5268] [0.9609,264.4282]
174 [0.4062,155.9038] [1.3169,265.6529]
175 [0.4457,156.8097] [1.2878,263.6008]
176 [0.4945,155.5616] [1.7284,257.4684]
177 [0.5200,151.2771] [0.9500,245.9060]
178 [0.4377,143.9952] [1.0678,230.5045]
179 [0.5379,133.9540] [1.1673,210.7535]
180 [0.4446,121.2756] [0.9148,187.5807]
181 [0.4453,106.9116] [0.9636,163.3837]
182 [0.4598,93.4030] [1.0123,140.2111]
183 [0.4068,79.3313] [0.9744,115.7969]
184 [0.4155,64.4728] [1.3897,91.0180]
185 [0.4298,49.2983] [1.0368,66.2637]
186 [0.4824,35.1088] [0.9891,47.8085]
187 [0.5168,38.1642] [1.0080,67.5979]
188 [0.4011,59.4221] [1.1013,99.5281]
189 [0.5002,87.0758] [1.0147,138.3107]
190 [0.4469,119.4383] [1.1537,187.3194]
191 [0.4059,159.6008] [1.1035,255.1048]
192 [0.4513,213.1082] [1.3291,348.7834]
193 [0.4568,282.4303] [2.0159,460.4233]
194 [0.5365,360.5736] [1.1588,571.1681]
195 [0.6282,431.1390] [1.2693,651.5728]
196 [0.5887,478.7778] [1.1848,698.2909]
197 [0.6148,507.3710] [1.4212,722.3837]
198 [0.6042,519.9077] [1.1487,726.3981]
199 [0.6763,519.2844] [1.1949,714.7323]
